320 53 3124 1629
0 538 491 499
2547 896 267 271
1245 1210 176 202
1603 337 1613 1200
1582 269 1635 1268
2079 1194 267 235
2240 573 269 184
3264 882 62 104
2161 77 1243 1505
2578 908 235 301
594 444 1053 1116
598 415 1609 1166
592 44 2823 1538
3320 1360 108 68
598 415 1609 1159
1029 951 148 110
598 415 1609 1176
1602 505 907 942
2460 1543 74 39
995 637 71 73
1721 1572 180 122
473 961 160 126
2079 1194 106 184
3169 833 124 221
1102 1078 143 122
598 415 1601 1159
1102 1078 395 425
1247 1205 184 213
0 549 1902 1155
1685 1019 94 68
670 1480 114 109
1105 1110 112 109
3169 778 312 309
0 1646 88 58
827 711 125 77
1602 492 908 955
1045 1023 229 151
3170 1359 75 78
2547 896 273 296
1045 1023 161 131
1095 632 176 184
584 415 1933 1210
0 538 491 503
1603 381 1384 1156
490 44 2956 1538
1103 1023 171 151
3253 882 73 104
1245 1210 173 202
2233 1232 115 153
0 0 44 72
2079 1194 119 235
2463 906 547 550
2038 1334 137 113
2233 1233 115 130
1603 381 1372 1156
584 415 1623 1210
0 507 1991 1197
1045 1023 151 131
594 444 1053 1117
1614 505 895 942
827 711 127 226
3287 793 75 72
1553 269 1664 1278
2582 915 231 294
1622 337 1594 1190
827 746 91 151
1272 1183 126 153
3169 833 112 221
601 700 1046 860
614 36 2811 1627
570 415 1947 1210
2085 1159 254 262
2161 52 1243 1530
1885 0 1659 1704
500 415 2017 1210
2098 511 109 115
827 711 127 77
2240 539 269 218
1906 1285 65 74
584 415 1763 1210
1551 831 87 91
1499 1285 63 79
594 645 1053 915
2233 1232 115 131
0 539 491 498
3275 778 199 309
1105 1110 392 393
2547 896 273 271
2277 332 117 130
320 36 3124 1646
1721 1596 180 98
1701 1572 200 122
3264 882 62 101
2365 539 85 101
3216 1158 204 177
490 44 2976 1538
1602 492 907 955
1614 505 895 935
1692 623 351 343
592 44 2854 1538
490 44 2976 1540
312 892 158 81
1183 1176 314 327
2365 539 85 80
1553 269 1664 1268
1499 1285 73 88
2043 397 912 1140
3290 778 184 136
1616 415 583 1031
614 36 2811 1643
19 1498 100 155
0 0 47 72
2079 1194 144 235
584 415 1926 1210
3347 817 115 88
442 856 154 98
1582 337 1634 1200
41 1498 78 132
584 415 1742 1210
1582 269 1634 1268
2277 364 117 98
827 711 127 186
2239 539 270 218
598 415 1609 1210
594 602 1053 958
2585 906 229 261
3275 778 206 309
500 444 1147 1117
1147 426 313 301
2239 535 270 222
1095 650 136 166
614 36 2811 1565
670 1480 114 73
1103 1074 171 100
2277 364 117 89
312 36 3132 1646
2158 52 1246 1530
3116 134 155 250