1512 4184 263 309
1033 6305 151 106
2047 1810 649 882
5729 6106 60 67
3133 5266 1229 753
565 454 132 89
1001 181 87 73
5011 5516 146 209
6293 5514 303 212
4541 4298 946 1607
6132 4659 1112 839
4544 949 2258 3674
4403 2569 105 163
4862 1449 2385 4174
4098 94 789 1322
1001 135 88 119
167 1803 110 109
4113 2888 465 633
3087 0 583 307
0 0 2717 1669
2056 320 335 259
3237 1584 185 258
5203 4341 764 963
340 2079 210 215
2036 4647 1001 1046
2747 5134 331 423
5072 2149 1717 2463
0 2395 183 353
2854 3156 337 552
4461 875 2604 4159
6138 5010 235 389
596 5928 265 380
1297 94 88 114
0 1473 56 108
733 5566 482 405
0 0 3119 1721
837 0 6407 6347
727 5408 158 115
2121 1133 2274 3511
1395 6070 334 395
3029 60 863 853
4520 2730 270 274
2862 1470 403 215
2949 1229 379 228
2724 1506 144 78
1573 1542 337 361
3182 3776 325 424
0 5034 448 522
656 5492 308 378
2219 4944 81 72
1366 4150 2068 1417
0 1939 839 1150
3449 2346 1649 2081
710 1966 330 326
4973 4797 115 142
7161 6169 326 358
3873 626 965 1629
2921 3106 338 574
2126 1450 316 372
4386 2606 108 107
4925 5853 292 272
6492 4720 447 755
2929 5019 218 377
6095 4606 869 954
1767 1060 236 217
825 6123 127 153
5548 5054 113 171
2224 636 123 185
16 3783 154 240
3885 626 626 940
1780 2131 101 183
1111 3337 213 210
2397 1427 988 524
980 5569 176 125
1193 11 4006 4332
260 2068 310 335
2830 5150 234 321
1104 5810 101 85
340 2079 210 191
2690 4929 428 638
3396 1245 385 568
3470 2805 70 90
6474 5631 672 362
5070 1976 2167 3884
5566 6106 240 165
474 5634 101 89
4156 1618 537 637
4931 5375 125 164
4297 4780 863 1122
5265 5652 61 84
4162 1700 281 482
6399 5906 401 621
2520 1321 2679 3022
3686 4981 1168 1260
1859 1429 138 93
3904 0 1057 1719
3464 2436 1333 1892
728 5557 510 511
255 2116 225 279
3024 0 1528 1113
3686 5006 485 670
4029 4080 2165 2447
4014 974 858 970
3482 3364 94 119
4329 341 159 87
570 5492 731 576
4156 1446 302 475
4692 3706 154 233
6249 4777 933 807
5157 5854 96 144
4573 2214 200 383
344 5256 556 573
4957 1701 264 458
5915 5156 259 423
4433 1907 437 634
4260 2645 158 89
3043 5429 74 57
4045 3418 73 120
3873 626 1090 1981
1886 1054 3110 5134
6633 5398 153 185
4770 3523 100 153
5078 5807 74 78
3073 5105 288 190
6583 4773 524 679
304 2652 258 230
3677 4981 1177 1349
1033 502 189 132
424 6332 204 195
2397 273 247 285
1681 1429 316 359
2722 1321 2477 3022
4165 5823 197 234
2443 4812 83 101
2969 393 445 316
3049 3570 182 341
4162 1618 490 564
347 5928 602 599
167 20 55 64
1551 6070 161 209
3314 2171 168 187
4261 3061 147 232
0 3275 162 270
4547 4585 188 220
3442 1211 988 1050
4979 4761 302 360
1316 861 3782 4119
495 6336 130 128
176 3001 158 145
1380 11 2210 1328
1358 385 1748 974
4035 4916 815 1341
23 3199 97 86
4990 5345 90 164
1319 3122 608 517
0 2840 2214 2005
2811 773 534 523
1710 2683 181 233
3686 5058 458 617
83 5692 167 227
1316 691 3782 4336
282 77 56 60
4235 2303 332 299
4391 5580 247 404
1543 62 1530 776
0 5689 523 480
5540 6017 285 209
1516 3941 507 642
503 5406 88 75
837 0 6407 5867
500 6200 105 104
148 1940 726 970
0 5689 72 66
4061 4409 349 417
4663 2144 206 255
4441 4122 197 177
0 1012 902 821
1316 861 3335 4079
5011 5523 133 174
4095 5917 349 610
1221 462 98 66
1423 4585 167 172
527 1210 116 158
795 3342 704 707
3931 864 138 120
1911 1592 813 1439
814 3336 615 587
4541 4305 929 1600
2608 4463 555 934
4297 5580 679 832
2949 1229 388 228
1751 3805 513 829
4461 5073 222 259
1508 3656 80 100
1145 103 88 81
1593 986 153 164
3997 3024 244 326
0 3091 3454 2621
1598 6340 131 125
3607 5196 374 605
3174 5266 1188 753
2896 3120 655 1072
4507 5150 176 162
0 2523 52 103
1765 1429 232 184
0 2134 176 286
6242 3865 509 671
4461 860 2839 5508
1482 4597 109 120
1765 6206 94 78
5566 6106 240 196
1483 5833 956 694
1535 107 1488 1293
4323 3096 104 116
4035 4080 2159 2177
4087 7 2980 5032
3758 699 750 912
4812 2996 244 346
394 6269 343 258
3932 866 136 117
280 5252 841 656
5366 5185 342 569
1363 1057 243 176
545 5656 143 146
3525 3627 237 268
1121 103 112 81
1660 6159 173 143
5417 5764 392 291
6472 4690 467 785
3334 1554 138 176
3795 3627 374 573
4177 2303 390 408
4499 860 2801 5126
3455 2615 215 352
729 5557 486 511
4014 974 858 789
1 2395 140 158
1675 4639 118 144
4441 4173 190 126
3314 2171 168 200
304 2619 258 265
2811 773 534 546
2219 4878 194 138
186 2870 104 132
3605 3762 273 281
6472 4720 467 755
6656 4784 445 602
2701 5134 377 425
2139 4822 221 126
3449 2436 1649 1991
525 5804 1204 723
2219 4861 222 155
1833 4574 122 136
3873 626 899 1629
2701 5134 377 433
720 0 195 102
2407 1650 466 284
4374 341 68 76
166 3091 3288 2621
2468 0 2449 4389
1076 368 70 93
0 1473 164 274
1321 2913 472 439
3442 1211 988 1107
3274 1551 555 766
4978 5775 1084 604
4939 5552 195 280
5755 5374 148 255
1372 175 110 79
1974 294 476 275
4489 2144 474 463
1395 6070 317 371
4271 4816 145 236
4345 1859 427 305
5146 5061 171 307
2040 4548 98 71
4045 4981 784 1260
3657 1816 214 364
1764 2734 97 135
4297 4748 961 1154
280 5256 678 573
579 5792 928 735
2407 1427 978 524
4138 2938 551 785
148 1940 1179 970
4952 5629 1166 749
2582 446 247 262
4653 6061 263 218
6308 5915 429 612
60 1511 303 401
710 1934 336 412
5084 4420 512 620
2020 6324 226 181
4674 1196 2403 3869
2390 1248 1076 630
4194 328 610 914
1184 2047 287 197
1613 2328 91 88
3885 797 292 272
3178 2284 1920 2186
4024 2638 96 66
3670 649 210 189
2707 1475 678 394
424 6332 208 195
2140 5109 138 90
1884 6438 81 75
4235 2376 237 167
407 6256 403 271
1186 3790 246 158
2690 1313 1636 2908
4817 278 97 186
728 5557 573 511
3935 0 3365 6527
80 2412 116 103
1627 4702 88 134
3678 5026 644 696
1530 3951 407 510
847 4317 516 438
6175 5993 338 503
5011 5516 134 183
6293 5514 188 134
4925 5932 157 193
1463 4379 97 145
2222 6412 204 115
1316 861 3782 4137
5303 5028 176 333
2837 5412 125 102
2958 4978 429 487
148 1940 930 970
0 0 3119 1669
0 225 5379 6225
2971 3127 288 553
3282 242 121 119
3430 36 257 433
5982 3958 352 525
411 5507 98 83
942 3986 237 121
1431 6027 234 205
5039 2680 230 387
2468 94 2449 4295
0 225 6123 6228
4515 4905 131 179
1316 3117 1437 1815
2608 4463 547 934
2330 4197 4465 2330
2219 4850 243 166
135 1877 792 931
4614 2731 173 273
5358 5203 323 543
579 5792 1239 735
943 1076 500 682
3109 3981 120 211
4484 5112 199 200
2020 6324 222 181
5915 5353 235 226
176 1955 671 806
1592 1427 1793 1299
6290 4659 954 839
82 3050 2150 1109
4579 3924 210 182
5506 6361 196 166
5365 3688 65 115
489 5792 1359 735
583 5647 140 169
1765 6192 95 92
638 6005 223 287
838 194 69 71
6271 4575 87 92
3978 4981 876 1260
1175 5724 108 111
0 5834 122 175
992 101 97 153
3885 626 788 1295
943 1076 517 682
6142 4626 1093 996
0 5689 523 481
4437 4197 1678 2330
7206 6197 281 330
4113 2888 142 247
0 1012 902 887
1961 2278 96 109
1911 1592 822 1439
4826 4001 125 93
2196 4707 528 351
3801 0 1168 1735
4914 5872 345 327
3325 1404 1483 2939
3261 3776 246 424
1426 6462 110 65
2234 3209 490 788
0 1855 1327 1204
4052 2821 526 1035
3109 3776 439 441
358 2361 512 515
2801 5134 277 337
6388 5001 146 248
4015 4277 611 467
545 5647 178 169
3202 952 142 130
4165 5823 697 550
6712 5524 132 98
5148 2149 1203 1835
3900 4300 127 127
1182 5725 174 211
848 3547 271 297
5515 6214 61 80
2883 1473 589 369
1496 1790 177 245
5204 4443 551 861
322 2196 569 685
3555 1072 177 127
4826 1449 2421 4519
4185 1446 273 201
2404 1427 981 524
2958 4978 1328 1019
2714 4506 313 472
6663 5190 219 325
6128 5889 667 638
5081 4083 1104 1514
4088 5906 1160 621
10 1552 98 111
4035 4839 937 1418
2828 792 273 241
2883 1473 520 271
4041 5235 259 411
3436 2713 189 304
4254 1189 161 251
3280 775 262 396
740 3501 161 131
134 1940 1193 1022
720 0 172 120
2047 1810 643 882
1633 3600 1119 1220
0 6171 102 141
4487 854 388 576
6293 5514 303 227
5165 6236 64 74
4103 2847 476 738
4983 5630 1135 748
1075 5873 71 78
2119 4506 1262 966
2121 1133 2373 3511
424 6269 313 258
3282 36 405 433
3691 3676 406 505
4039 74 777 1168
726 5565 429 463
4218 1527 94 120
4432 5073 251 319
5039 2680 230 444
4497 893 461 797
4811 2665 219 254
3271 3444 575 763
2520 2069 607 817
2891 2052 182 229
2849 3884 254 436
3178 2303 1920 2167
6132 4657 1112 1210
4379 4638 157 127
2242 5259 795 434
2776 0 1776 1113
1653 3599 1025 1333
135 1965 719 843
6152 5906 648 621
4952 5629 1174 749
3083 2463 62 95
5338 5492 105 126
915 7 111 122
3902 631 609 928
1182 5762 172 174
1332 4437 132 182
0 1586 259 427
5284 5388 176 178
6399 5911 256 419
711 1888 460 237
597 5929 264 379
915 952 532 730
3354 3135 121 81
6174 5914 563 613
3878 3107 161 271
562 5499 231 171
2093 4394 1338 1078
1493 5843 863 684
1952 226 391 285
4811 2665 219 259
4088 5906 353 621
3280 775 262 409
304 2183 591 701
3199 5263 1777 1149
690 3568 87 97
5278 2296 232 373
4760 2190 203 245
826 359 60 59
2714 4506 313 497
0 1339 6795 5188
4499 860 2801 5092
3199 5263 996 747
11 1010 884 791
4 5196 438 360
1540 5857 443 339
0 3275 1459 1570
3875 4641 132 177
1381 1066 336 222
1925 6193 97 91
2896 3120 655 1016
1129 3323 799 435
6576 6382 160 145
2234 3209 504 788
358 2424 438 452
3944 7 3356 6520
97 5349 79 83
3486 3627 276 268
3745 2347 192 141
6106 5877 689 650
2888 3156 303 552
3980 0 1051 1242
3855 3996 98 131
129 3096 249 216
2456 3201 262 451
2688 94 2229 4138
2231 4516 447 385
4035 846 48 79
4224 4780 721 1305
1516 503 244 348
4529 1248 343 424
710 1964 336 382
5072 2149 1760 2555
60 1511 303 487
5729 3573 205 308
3451 2615 229 352
1186 3790 237 158
461 6256 225 170
2866 1458 606 384
2963 3120 588 1016
5363 5764 462 611
148 1940 701 970
1381 247 118 72
3537 948 275 158
1654 1060 411 326
666 252 115 93
1377 6145 97 100
1593 0 117 60
1762 630 82 92
4849 4843 193 293
3445 4170 1545 2018
3928 4029 109 137
1987 1594 580 1094
4490 2284 204 335
3445 2579 88 81
3391 2416 183 163
4499 860 2801 4972
0 4223 1180 624
4507 2303 227 301
5338 5492 161 190
3351 1029 191 142
6825 4737 383 762
0 2395 183 158
3420 1685 409 600
2691 1432 695 431
4329 341 113 76
1780 4713 218 261
4034 725 477 834
1645 6130 120 123
3906 4801 309 243
1358 294 1987 1103
80 1855 1247 1107
4478 3076 117 165
943 1100 416 642
4273 4197 2522 2330
6580 5245 246 294
1751 3805 499 829
1599 6064 121 157
3505 5166 391 562
4321 2719 163 221
1437 4150 1997 1417
2121 861 2530 3783
2847 801 1738 1412
3538 0 3264 4623
3972 4178 103 88
3549 5185 479 690
3752 3601 93 159
294 311 121 62
4937 3862 128 127
543 2350 661 522
3584 699 924 912
3794 2289 84 77
4156 1618 496 564
4221 2978 168 271
6501 4715 436 813
4865 3539 214 152
162 20 60 70
603 6279 123 124
579 5806 928 721
4986 5774 664 521
0 5228 392 384
0 37 1777 1628
2921 3106 396 626
5203 4341 764 973
3344 51 229 282
4833 2996 223 346
6152 5867 684 660
1573 1509 337 394
4728 3724 528 340
795 3342 689 702
1531 4187 244 306
471 6283 183 153
4045 4981 809 1260
1660 1289 111 85
3745 2191 237 297
1605 6070 107 113
3384 4008 121 134
915 1073 447 609
4303 5858 445 366
3608 4921 79 93
0 5689 524 484
114 5946 279 220
6132 5010 266 389
0 3091 5271 3436
1146 103 75 81
1902 4315 112 100
3237 1554 235 288
4843 2665 187 212
2528 448 293 491
972 316 174 145
6330 5520 624 347
4156 1446 345 475
2241 5100 823 602
6451 5517 145 209
4297 5858 679 554
1282 6450 103 77
1316 6164 132 166
3210 2364 144 129
2690 4929 388 638
2232 4516 369 385
711 1938 131 187
3552 4214 974 556
1375 6215 73 73
2690 4929 429 638
322 2196 568 685
2087 4521 504 400
4271 5216 557 1056
7161 6160 326 366
3120 5366 275 141
0 225 6123 6225
2282 362 593 770
2675 0 4127 4623
4763 2538 126 108
0 6171 102 155
1364 3283 597 318
0 5549 524 624
0 211 6123 6280
1634 1692 117 212
4263 3489 184 196
3344 3288 262 491
837 0 6407 6334
1089 180 83 64
3785 1231 250 429
5621 5814 497 330
2119 4659 1262 813
1487 5833 945 690
694 0 198 139
547 3565 106 96
1461 4140 411 437
6694 4784 407 602
4156 1446 384 475
1141 4150 122 120
2399 1352 355 346
5358 5185 350 569
3113 430 277 206
1193 442 158 118
1689 861 2962 3783
6152 6053 257 422
5934 5821 64 83
3242 5223 1044 774
0 1376 420 665
5 5231 384 308
2135 1507 307 315
795 3342 643 609
4011 4527 380 243
3952 3487 102 112
3354 549 347 514
1358 284 1987 1113
0 5777 105 117
2460 4775 131 100
3706 3221 260 264
943 1027 656 735
5081 4080 1113 1517
228 3567 95 187
4456 4765 84 123
1818 6318 105 104
4591 3924 185 180
2349 4518 328 302
2079 1450 363 372
0 5689 524 481
63 1517 300 395
4808 4843 599 1143
3138 1754 168 149
6372 4941 231 328
3276 3177 85 85
4098 94 777 1322
6326 5520 628 347
6249 4687 933 897
3021 2463 124 196
3308 1196 3998 4957
2776 0 2185 1719
3442 1211 988 969
3190 3096 130 190
4718 3719 538 348
5982 3984 352 499
4437 4305 1345 1675
7297 6318 190 209
4053 1695 212 367
1768 1059 222 182
694 2952 1545 888
3617 5148 92 106
4923 4843 199 365
3029 60 863 894
1430 2377 184 201
424 6332 254 195
4718 3724 538 343
0 2106 213 330
2397 273 247 269
364 355 118 88
1430 6379 241 148
4533 2914 108 174
1264 6152 184 186
3072 3570 159 305
6493 4715 444 813
1884 6438 81 89
2675 1432 1042 732
4440 640 376 338
4107 2847 103 158
6135 4626 1102 1234
4270 2502 122 64
3455 2615 225 352
380 2090 170 180
1512 4187 263 306
4464 1248 408 515
0 361 5379 6089
386 5834 117 114
0 1339 5271 5188
4983 5629 1135 749
3295 1498 108 68
3135 1758 140 93
4433 1907 300 269
2390 1248 1076 595
1280 5933 282 220
3457 5397 1762 1130
5648 6080 737 447
573 2472 233 311
3387 1842 330 322
943 1100 500 642
853 3171 512 664
800 2225 120 154
4495 5131 188 181
1407 4261 153 263
2133 4822 227 126
6829 4760 382 715
282 77 68 64
3971 4925 94 119
3178 1211 1920 3259
4041 5235 281 487
3398 2416 115 149
6153 4720 169 119
1018 3196 201 131
4042 2778 202 360
0 5078 476 417
1033 6409 164 118
4451 640 365 338
255 2116 261 279
442 2188 96 106
1892 1692 288 355
4194 328 610 621
1868 1054 3128 5134
1018 181 70 70
525 5725 1204 802
2390 2164 93 180
1237 291 125 92
4979 5909 1136 618
4603 3155 492 525
1184 2047 380 197
3964 0 997 1719
4397 2346 160 230
4242 2663 229 262
732 5565 359 303
0 3122 1523 1723
4812 2921 254 421
1516 0 1615 847
0 0 7487 6527
1565 3753 158 83
1075 5810 130 141
407 6379 164 148
601 6384 154 143
252 5828 155 161
3457 2207 1380 2205
610 6409 68 71
2960 391 456 318
3948 3627 221 302
1193 0 4006 4343
638 6005 223 197
4980 5629 1138 749
390 2195 323 418
1316 861 3782 4166
5784 5899 255 167
1456 5853 471 379
4736 3828 240 236
3436 2713 159 109
4433 1907 437 690
3343 1551 486 766
1141 4150 116 120
0 5835 281 268
1412 4569 101 99
4655 3561 400 269
543 2465 319 407
3992 4003 96 120
1175 5972 257 307
3282 264 113 97
5081 4080 1104 1517
1386 4017 85 110
3325 1404 1483 2895
134 2408 290 401
4848 1430 2259 4130
3307 1404 1539 2939
543 2353 661 519
3464 2436 1333 1991
52 5550 442 369
3486 3712 81 79
6142 4626 1095 996
3885 631 626 928
377 3093 1848 981
4859 1430 2203 4126
0 5023 1375 846
1509 4702 206 134
666 252 97 84
471 6281 183 155
4156 1533 537 722
3326 772 260 293
5072 2149 1279 1905
4397 2373 141 233
0 5038 1371 988
837 0 6400 5860
407 6256 279 271
3650 3731 96 57
523 73 100 132
3210 2364 144 122
4098 94 819 1322
536 1208 414 553
1766 1060 299 239
6922 5058 384 568
1987 1651 580 1037
4280 1196 3026 4957
4488 865 85 152
2388 5336 604 342
1919 1427 1466 1265
16 3783 249 380
733 5557 482 511
3677 4842 1177 1488
1710 4522 77 97
135 1877 920 932
6271 4575 169 181
125 1713 152 199
3857 4117 132 178
1175 5972 219 222
5003 5367 644 792
0 5078 465 417
6515 6406 111 121
5728 6012 94 107
3566 3627 196 182
1781 1059 207 162
2225 4944 172 114
5645 5928 148 119
176 1877 751 884
407 6256 404 271
3516 549 185 365
4273 4352 112 125
4041 5235 259 487
3758 923 543 688
1765 1510 141 237
414 5924 188 180
0 211 6123 6242
1321 1549 376 497
0 1877 1055 1242
588 6124 208 142
2688 1313 1638 2919
4986 5774 664 466
3274 3777 231 423
554 4389 227 142
1003 5922 121 128
0 3143 150 233
5165 6236 75 124
3621 4801 594 918
4121 158 2946 4880
4205 5687 121 108
0 2529 124 105
2846 806 234 201
3605 4827 82 96
2101 1881 471 811
1675 4521 112 124
6244 5889 551 638
1763 3805 487 829
3449 2436 1348 1991
3590 3336 184 277
4240 3144 227 386
4096 5921 216 272
3978 4277 681 467
6221 4435 191 194
4409 4491 217 129
2219 4850 243 208
16 5660 433 234
3683 4801 532 875
4052 2864 526 789
6271 4575 206 181
3386 277 92 79
2036 4663 1001 1030
3677 4981 1177 1260
1186 3790 237 123
6095 4606 1012 954
0 6141 108 112
5510 2662 353 613
0 5300 335 276
4433 4996 124 95
612 3316 143 98
3325 1404 1511 2939
4203 3086 319 435
4271 4816 146 236
310 6382 93 116
1558 6202 106 125
1543 62 1537 776
3932 5717 81 72
350 6126 466 401
3528 2603 98 179
309 2027 275 371
310 6453 126 74
2008 6274 63 119
0 1933 149 149
3299 3236 70 84
13 37 1764 1628
254 2116 262 280
563 454 134 89
0 6144 108 109
3178 3101 668 1106
4857 3736 311 182
0 361 5339 6058
4718 3836 294 231
3885 626 626 933
4591 3924 198 182
2690 4929 427 638
1686 3996 87 131
2805 3750 298 570
0 1951 149 96
4218 1527 94 101
5018 5418 62 65
1682 1592 62 87
2407 4462 330 342
837 1632 113 118
3235 449 161 139
3736 4495 111 212
4892 3708 112 76
3706 3221 233 264
16 3715 257 448
31 5404 571 435
733 5557 482 414
4857 3736 399 201
2196 4850 282 208
252 5892 109 97
3505 5006 425 722
0 1951 149 131
1814 4432 342 567
1426 11 2164 1175
2276 4944 121 82
1395 6070 317 288
1018 3196 437 307
5338 5492 178 190
3470 2805 87 90
1237 298 73 85
3464 2436 1203 1892
207 5946 186 155
1033 6323 137 88
562 5482 231 188
2479 5244 229 188
4029 4305 1327 2047
2119 1450 323 372
1712 2106 110 153
3326 772 235 293
1832 1427 1553 1265
3994 2741 455 881
543 4416 637 431
5705 4373 244 420
4098 94 816 1322
472 5632 103 91
6448 4080 239 372
2294 1071 512 528
6242 3865 560 758
32 1023 863 771
1926 133 825 585
4986 5775 664 465
1174 5715 193 120
3375 1842 342 322
3537 945 278 161
1141 4150 116 94
2276 4953 105 73
2121 1133 2274 3509
5260 2229 250 443
3549 3468 329 575
1380 1066 337 222
414 5924 193 180
0 5457 1463 960
4280 4487 589 802
0 6061 71 102
3204 427 239 195
3271 3442 575 765
2921 3106 194 298
0 5834 116 137
2390 1248 364 450
3537 2889 94 134
4009 0 3478 6527
4698 2719 178 348
1175 5972 219 283
2098 3322 156 266
853 3224 512 611
340 2079 239 298
3360 1404 1448 2895
3906 4801 152 118
964 711 95 81
4121 7 2946 5031
1919 2110 276 289
4242 2663 226 262
1768 1059 220 182
6807 4732 404 743
3274 3777 231 365
1090 5804 169 244
2781 5134 297 337
4156 1618 537 564
4489 2144 440 463
5082 4420 1081 1326
31 5471 532 358
655 6160 405 366
135 1877 920 931
176 1930 671 831
31 5529 532 300
0 3009 2214 1836
3457 2207 1380 2135
3605 5026 717 769
1321 175 161 87
0 5723 302 415
3442 1211 594 969
0 5733 421 433
148 1941 701 860
4089 4277 357 324
3266 4731 165 257
4812 2921 244 421
943 1027 656 731
5623 6077 502 450
5404 5592 112 71
2135 1524 307 298
562 5499 228 171
3307 2149 171 223
4087 7 3213 6361
1456 5853 476 379
2032 4916 489 320
1121 103 112 88
4089 4277 357 348
1040 5497 212 163
1765 1429 232 310
3745 2347 189 141
0 5636 61 70
4238 4305 1022 1931
4297 1196 3009 4794
0 5023 1372 732
4437 4197 1363 2106
1751 861 2900 3783
4542 2214 231 383
4831 3041 154 281
543 2742 133 120
3801 0 3001 4623
0 1933 149 276
1392 4824 3033 1703
3325 2430 301 352
3141 5266 1221 753
3452 1685 377 600
5206 5190 126 149
3026 397 351 230
5010 6261 192 111
3094 3411 165 269
1001 149 88 105
4052 2859 526 997
1689 861 2962 3788
3178 3101 428 678
5695 4358 253 450
838 179 88 86
1316 861 3782 4113
804 2070 123 101
0 5061 489 515
1087 545 115 67
4035 4080 2159 2315
688 544 89 79
3199 5263 1663 1110
249 6272 150 184
5204 4443 534 848
4864 3532 204 144
1592 2273 340 332
1022 316 124 145
837 1090 518 663
0 0 3119 1668
4461 860 2839 5126
3442 1211 805 969
3882 699 626 672
0 2395 141 158
4507 2144 422 460
1604 23 66 59
4739 1430 2368 4130
2578 4462 156 236
3999 3024 313 461
1316 3117 1437 1823
3955 0 3532 6527
3133 5127 1229 892
4523 3159 274 438
694 2952 1545 1021
4403 1266 95 108
1439 4266 218 317
3263 4731 168 257
4579 3527 649 479
4859 5109 86 101
3387 1842 183 265
21 3790 244 373
428 5924 174 180
4273 4197 1842 2330
1720 6241 95 93
3280 955 262 216
3431 405 162 149
720 0 120 101
5204 4341 763 963
1013 6305 232 222
2379 746 344 386
5841 4100 112 97
4994 3691 133 70
0 5038 1536 1489
3885 719 607 574
1479 4611 120 90
648 0 244 207
4280 4487 583 802
3523 3841 636 629
0 5733 421 416
3889 658 741 937
148 1940 701 861
6119 4657 1125 1210
589 6103 56 75
0 3122 1459 1723
4332 1148 91 92
4409 3341 124 171
4994 3689 133 72
7023 5081 287 546
1859 1808 225 301
4413 1638 191 306
1075 5792 130 159
1000 1593 188 174
830 3170 98 92
4057 1697 325 562
82 3050 2150 1654
4403 2569 105 151
5068 3899 120 146
1516 0 1615 916
4977 3860 227 279
1316 3122 1437 1810
0 2397 64 97
3210 952 134 130
4832 4001 119 93
1172 5972 260 307
197 115 73 53
1496 1790 117 133
4986 5774 664 511
3655 1816 127 103
2846 806 255 227
4849 4843 183 293
2314 4887 99 79
1941 1808 143 260
347 6126 496 401
561 5804 1168 723
4003 3458 88 107
1198 6272 343 255
0 3122 1516 1723
4697 2538 192 174
0 1933 149 194
4152 2896 583 829
5011 4420 1152 1326
2831 1235 304 163
3561 4214 390 493
4274 2480 117 63
5015 5630 630 527
4312 4783 175 174
48 4135 1411 710
1767 1060 298 223
1621 6130 246 259
2608 4463 419 685
0 1376 420 747
4723 5539 143 106
6929 5607 233 372
3362 1196 3944 4957
5072 2149 2143 3196
4194 328 622 914
3537 945 278 174
1428 5853 643 540
4378 2569 130 163
3347 2430 279 352
573 5853 963 674
2105 1881 212 370
3935 4141 223 168
1470 4611 129 90
1327 4138 448 386
1316 0 4879 6527
1911 1551 872 1480
0 1951 149 109
1262 4358 72 80
124 1855 1203 1107
2057 4381 1411 1091
2357 4650 71 106
3932 5709 95 80
5915 5156 273 423
1412 4569 92 99
4369 3280 65 65
2509 4775 82 72
1348 5853 726 540
4205 985 221 379
3127 5127 1849 1285
3085 5046 1891 1366
3853 1358 182 302
235 5946 158 154
2724 1369 323 215
4816 3417 282 256
0 2395 183 159
4596 5016 81 96
1412 4585 92 83
1449 5853 622 540
3882 699 610 661
1890 4421 133 162
849 3336 580 587
1682 1429 315 359
747 5559 486 310
1925 6193 146 200
6308 5915 339 501
6235 5274 337 282
5409 2471 877 1427
5072 2149 1615 2303
1621 6208 61 78
543 2465 335 407
4812 2921 254 434
6235 4487 705 1069
1654 1280 117 94
2056 320 335 263
4302 6029 117 160
4433 1907 437 622
694 2812 1668 1161
6363 4659 881 839
3759 4034 101 82
4194 329 453 520
5039 2679 230 445
4488 865 73 127
3996 3367 122 171
6128 5877 667 650
358 2355 512 521
4636 2731 151 273
739 2466 123 136
0 5723 260 284
6496 4773 611 679
125 1665 238 247
809 3547 310 298
811 2357 393 409
4863 5109 82 101
0 0 1777 1667
4469 5858 279 366
3953 7 3347 6520
2379 362 496 770
0 854 7306 5673
1530 3951 493 632
4423 647 397 328
4437 4197 1345 2029
943 1076 500 666
76 0 1619 908
4545 4661 84 79
5072 2149 2165 3711
32 1467 362 432
1456 5948 111 83
3523 3841 382 544
3552 4214 974 557
5464 6060 660 467
1319 3122 1433 1810
666 252 88 70
3856 0 1245 2259
31 5529 466 241
1583 4702 132 134
644 6192 108 100
4655 3561 422 269
3339 54 171 297
0 5228 495 541
3968 631 543 928
4864 3477 222 199
3443 1685 386 600
4793 4303 850 1458
572 6209 236 198
1756 4086 323 636
2031 635 136 134
77 0 1733 911
1174 5724 109 111
45 6229 205 247
2520 2069 584 817
5010 6261 218 111
3274 3777 233 423
1316 3122 1436 1810
3486 3712 79 79
5571 5054 90 154
1425 3535 1327 1397
120 37 59 66
3885 626 834 1629
0 3380 243 396
4121 7 2946 5032
0 5723 523 442
3178 2302 1920 2168
1768 1116 181 125
845 1964 482 486
631 6218 94 90
4280 1196 3026 4794
1688 1092 99 55
876 3928 90 133
3420 1685 409 632
3307 1404 1892 2939
943 1027 656 732
4505 4585 230 332
0 6280 95 114
4765 5607 309 517
1324 4140 548 623
4573 2214 200 320
1483 5843 956 684
3113 412 277 224
1335 1055 213 268
5928 5821 70 83
1450 4266 207 317
358 2183 537 693
76 0 1736 1668
2079 6335 141 155
5072 2149 1891 2849
561 5814 980 713
3133 5127 1843 1285
5665 3455 269 426
6420 5889 375 638
4221 2958 192 333
3108 3776 440 441
3127 5046 1849 1366
573 5853 877 674
3856 0 1245 1955
1882 2146 97 109
4035 4420 2128 1837
76 0 1718 915
2690 1313 1636 2919
6395 5546 575 339
2854 3143 337 565
4487 4585 248 332
2016 4987 81 45
3537 1911 180 253
3472 5397 1747 1130
2904 835 197 198
176 1922 671 839
3740 1923 98 82
1558 6064 162 263
0 1933 149 220
1386 4017 85 109
3615 699 893 912
11 1010 887 791
1293 6064 129 127
76 0 1574 908
1387 4480 95 61
4242 2663 353 578
3029 306 508 292
2443 4775 148 138
3902 721 516 612
1381 1066 269 222
1221 600 79 67
6174 5992 384 535
3361 1196 3945 4957
2608 4463 419 540
1193 284 2152 1113
1902 4315 112 92
3482 3364 661 1006
2854 3143 371 565
3758 996 499 615
3691 3676 402 505
2536 4773 152 103
1289 6061 137 158
6190 5975 609 552
1146 103 87 81
3676 5131 304 527
1117 5774 121 64
715 1973 340 366
3386 47 266 465
3190 4471 250 432
4529 2914 112 178
579 5792 1223 735
3746 658 884 937
6308 5914 429 613
1859 1884 73 109
4249 2746 135 225
2020 557 147 212
1426 11 2160 1175
3083 1247 182 124
0 3199 1459 1646
2860 1429 94 83
0 5733 421 437
4107 2847 472 738
5207 5190 125 149
2222 6412 80 95
5506 6077 879 450
2036 4663 798 607
603 6279 123 117
6135 5864 604 663
9 1503 361 527
3983 724 75 72
2690 4991 388 576
2608 4463 665 990
134 2408 321 401
4378 2337 271 395
0 5023 1372 846
3029 299 863 543
562 5482 231 193
411 5471 139 119
2219 4850 259 208
6417 5556 725 434
2040 4548 89 71
3746 658 884 1086
1679 3802 912 1127
915 927 570 755
2036 4548 102 71
1952 225 391 286
2037 1640 89 113
3608 4921 81 94
631 6005 230 303
1297 94 72 97
2809 764 291 273
4061 4409 307 417
1941 1808 142 260
4429 3221 71 106
5624 6060 500 467
827 3170 101 110
741 502 481 410
5079 2415 87 122
3960 0 1141 1955
4035 4839 941 1418
3256 5192 120 99
1264 6152 184 178
3532 3627 230 268
4156 1446 357 475
3612 3827 89 106
77 0 7167 6347
2388 5125 705 553
4964 1710 366 625
2809 764 291 272
183 1941 666 823
4815 6200 101 70
3471 3561 131 146
688 4439 93 74
1744 3802 847 1119
5017 5107 285 558
4983 5630 1135 745
1844 2884 415 525
1013 6305 171 106
4113 2888 409 633
1519 8 88 64
739 2465 123 137
3806 3691 62 89
1376 247 123 72
4241 6169 222 358
573 2472 233 319
4218 1527 94 99
3366 5269 817 728
4846 1449 2401 4519
5645 5962 101 85
5476 5533 167 239
5315 4599 440 705
1911 2498 226 153
2613 4482 414 521
2196 4707 512 351
5247 4481 110 130
988 101 101 153
3245 2607 238 208
3366 5269 920 728
6293 5514 303 293
5294 4577 235 334
0 3227 84 149
3888 3074 152 224
2712 4530 756 870
1121 103 112 99
4663 2144 255 258
4454 4306 1328 1674
5861 3301 253 431
241 5927 281 238
2830 793 271 240
4765 5607 309 523
3561 4214 647 493
0 5810 66 84
3449 2436 1370 1991
1175 5972 257 283
0 2113 157 238
4203 3143 247 378
1744 6264 71 70
4951 5853 266 272
1011 952 436 617
2232 4516 446 385
3769 3731 258 325
95 5692 155 174
694 2812 1766 1161
3178 2346 1920 2124
1316 588 4878 5939
839 5492 125 129
1592 986 154 164
3643 3731 103 57
776 3523 92 73
3070 1229 222 139
1435 6375 173 106
2078 665 89 104
4413 1044 261 269
1710 2642 181 274
2686 1339 1644 3031
2693 5134 385 433
1009 6101 164 114
5195 4131 248 393
124 1940 1203 1022
4909 5211 226 343
2158 4381 1310 1019
4673 3479 87 117
6118 4994 67 119
0 6144 105 109
472 5492 829 576
4052 2821 542 1035
5465 3875 63 62
4101 4839 871 1379
4185 1446 273 265
0 1424 1055 1695
4826 1449 2438 4519
2274 4175 178 272
1634 1542 276 361
4636 2731 151 244
0 1010 950 791
4437 4197 1345 1783
1599 3963 120 107
1193 442 186 118
4509 860 2791 4766
3906 4813 152 106
3683 4801 532 856
134 1940 1193 970
6929 5607 233 376
2106 1881 211 370
2119 4394 1262 1078
2407 1593 466 358
6717 5554 129 120
3621 4781 594 938
3561 4214 965 556
1740 861 2911 3783
4957 1701 304 527
344 5306 506 523
726 5574 429 435
4100 2847 479 738
1324 4378 252 385
4674 1196 2632 4794
0 5548 703 379
1516 4 1605 843
1297 94 73 97
3612 3820 89 113
4464 1596 154 167
1470 4611 130 111
1324 4378 266 385
973 5937 199 161
0 1005 311 173
4029 4829 217 259
471 5988 91 73
1380 61 2136 1255
931 2357 273 409
2979 2984 635 1244
603 5936 258 372
4089 4352 357 249
1227 6062 101 102
6235 4646 705 910
1126 103 107 81
3420 1685 409 605
4046 3431 72 107
7424 6461 63 66
3109 3411 150 269
1018 3196 437 349
3709 3223 227 300
4812 2921 251 421
82 3050 2278 1949
378 6245 124 109
151 6307 174 147
2686 1339 1644 2887
2057 4381 1446 1091
3274 3777 142 242
4014 974 660 466
3706 3221 260 266
0 5693 714 834
3282 51 291 310
4977 3899 227 240
9 1503 354 495
6135 4626 1102 1048
1945 294 505 275
1316 0 4878 6527
3869 1154 232 421
151 6319 97 100
390 2183 505 430
831 6168 121 108
1708 1649 118 139
0 5457 1482 1036
2294 1071 319 384
2376 2164 107 180
3710 2542 117 102
280 5256 841 652
1982 250 361 261
1519 0 105 72
341 5928 608 599
4242 2601 353 640
3165 1780 141 123
5072 2149 1760 2533
5919 5902 144 94
3482 3364 507 931
3 1939 836 1116
3354 541 347 522
4152 2896 578 829
3298 1108 92 84
3885 626 655 1295
6152 5911 503 564
76 0 1718 908
381 6457 89 70
176 3001 158 137
857 6262 280 265
3987 1360 154 206
3978 4277 648 467
0 1764 146 277
3445 4152 1551 2036
918 3045 100 109
0 5834 116 158
5004 3447 217 310
3308 1112 3998 5041
3948 4925 117 119
1316 588 3782 4439
5506 6080 879 447
1552 4093 293 392
1127 4150 136 120
3371 5285 1900 1242
2606 4707 102 84
6300 5464 640 418
1654 1060 411 314
3683 4801 532 918
1127 4150 144 120
1535 107 1704 1293
1627 4726 80 110
5566 6169 232 206
4884 1601 1292 2219
5028 5856 188 189
3452 2615 228 352
719 6146 105 71
193 3272 268 307
0 1933 149 157
3362 2207 1475 2205
31 5529 532 285
209 1001 523 473
67 1638 97 109
4034 5047 264 471
6132 4659 1112 897
3362 3000 152 111
7023 5080 290 547
4021 718 491 646
2691 1432 1026 732
918 30 105 99
4884 1601 1368 2289
214 6130 93 60
116 2412 80 90
1568 2285 241 193
2101 1427 1284 1265
6316 3964 371 488
5072 2149 1952 2861
2228 4916 293 280
363 354 119 91
4169 306 475 590
4651 3238 149 253
4529 2914 112 177
3734 5006 437 630
976 5804 283 244
5599 6077 526 450
915 7 111 127
3425 4152 1571 2036
0 1473 108 190
4876 4420 1287 1479
2241 5150 823 552
7171 6178 316 349
3909 2429 171 232
1316 861 3782 4079
0 5457 1482 964
2109 3890 156 215
5015 3691 112 70
0 5723 523 446
280 5246 841 662
795 3342 688 702
1633 3599 1119 1333
1712 2106 169 208
997 5804 262 244
517 65 106 140
1839 2884 420 525
311 6453 125 74
347 5928 561 599
3482 3364 471 763
475 5247 220 116
4437 4197 1345 1962
3354 549 347 513
95 38 1553 880
4286 4756 267 289
2441 5044 82 94
4056 5046 250 424
359 6401 181 126
125 1721 152 191
1113 5774 125 64
1604 23 66 60
6417 5058 889 932
3109 3776 439 433
2854 3143 388 565
4574 4734 130 112
4603 3155 483 525
2462 0 2455 4389
741 628 452 284
6384 5631 762 737
382 5256 518 323
2242 5259 766 434
7206 6205 281 322
6132 4659 1112 1208
2623 861 737 668
4221 2958 175 291
4777 3466 309 214
280 5256 620 573
4655 3561 573 445
0 1585 259 428
2680 4506 347 497
4441 4173 197 126
5417 5764 392 267
3360 2429 396 232
720 0 195 100
4238 4305 990 1931
3869 1206 220 369
4713 3715 113 186
228 3576 95 178
1947 1067 118 216
5417 5764 392 233
4039 3 992 1239
1573 3825 101 111
5915 4657 1329 1210
1675 4639 163 156
543 2357 661 515
579 5806 807 721
3009 2121 117 140
688 544 89 78
1682 1592 144 196
4218 1469 113 104
4177 2303 390 299
2949 1232 379 225
2687 4995 478 467
1033 6323 133 88
1380 11 2210 1305
969 316 177 145
1219 462 100 67
1316 6164 108 166
4355 2891 179 269
3882 377 89 67
837 1090 666 663
2229 5250 794 451
3398 2416 176 163
1454 5853 478 379
3880 0 1221 1955
0 5078 476 498
1379 4208 119 177
4770 3417 328 256
5040 5634 120 92
5175 2149 1176 1835
1645 6130 120 141
5195 2149 1156 1835
1660 6159 160 143
4297 4780 961 1122
4244 2579 195 143
1484 5929 318 273
2057 4381 1472 1091
2578 4462 159 240
390 2249 321 364
1653 3727 599 915
82 3050 2150 1949
3204 449 192 173
2037 1642 64 111
3596 4826 92 114
3466 5399 959 1128
5460 5671 109 83
6142 4626 1095 1048
6442 5867 394 660
64 5892 236 274
0 3721 262 364
3958 4295 117 118
3173 0 1372 1113
540 5804 1189 723
0 5034 738 805
579 5806 807 601
5084 4083 1101 1514
3561 4214 962 556
5363 5764 462 462
17 5319 69 45
976 5911 102 104
3944 4236 199 134
3686 5006 485 669
2219 4869 210 147
3112 1724 146 106
4086 718 426 613
32 1010 863 784
1967 276 134 109
2052 298 279 203
1443 4261 114 199
1592 1427 1793 1265
2117 5042 157 113
2687 4995 731 586
2682 4864 239 319
3386 3 383 551
5204 4412 557 892
4101 4305 1159 2047
0 0 1777 1669
4977 3899 211 240
1975 320 416 263
4817 277 97 187
0 3380 258 379
2407 1650 466 301
4523 3159 227 370
2232 3600 477 779
209 2870 82 109
877 3343 552 580
1213 5899 267 245
1859 4951 183 128
2830 5150 96 88
4718 3690 538 377
2883 1473 520 272
561 5804 980 723
3989 631 522 928
0 1467 394 562
3442 1211 613 969
572 6209 236 318
414 5924 193 189
1055 5765 426 422
134 2408 290 398
5562 6106 244 196
1621 6190 246 199
4113 2888 465 765
5724 5161 444 475
4347 3981 162 260
656 6081 519 446
669 5523 124 105
1055 5765 426 414
1508 6064 212 291
1377 5853 697 540
4440 5039 291 343
2748 1475 637 394
4644 3 387 771
1441 6301 188 140
4527 2303 207 301
273 1922 122 125
4241 2601 354 640
2032 4938 627 330
0 3739 627 698
3442 1211 813 969
2862 1468 432 217
2234 3570 405 427
1508 6064 235 334
3885 803 292 266
3607 5131 374 670
1681 1400 325 388
4088 5906 1183 621
3537 945 278 183
4101 4305 1255 2047
5196 2160 1056 1730
0 6194 102 118
543 2465 319 397
1358 385 1748 1012
1674 3467 181 102
728 5557 487 511
543 2304 661 568
5021 5630 611 524
2809 764 298 273
2119 4501 1262 971
1271 3834 185 154
3451 425 441 417
369 2424 426 452
6472 4687 467 788
523 73 60 74
1463 4387 95 137
2843 3120 708 1072
4268 3462 149 149
4152 2968 578 757
1395 6213 177 145
4014 4981 840 1260
4863 1428 2416 4204
1441 4266 216 317
6190 5975 357 500
158 115 112 63
4185 1478 137 169
0 6280 95 115
3882 699 610 652
4663 2144 266 258
0 361 5379 6058
4089 4400 357 201
82 3050 2150 1435
837 107 2402 1646
0 3001 2214 1844
5329 5482 187 200
726 5565 429 444
6138 5010 260 389
2130 1467 312 355
3448 634 3747 5700
5899 3857 95 163
1765 6206 95 78
3954 0 1015 1735
4509 860 2791 4972
5247 4481 282 430
3173 0 1379 1113
424 6279 302 248
4936 3862 129 127
5072 2149 1908 2849
4602 3142 493 538
717 0 175 120
2949 1229 388 238
3431 9 326 545
565 454 102 89
4355 2891 240 350
5021 5630 624 524
3386 9 371 545
2219 4906 145 110
2772 1466 112 84
2441 5044 82 132
337 5928 612 599
304 2619 258 263
4118 974 179 230
4619 3944 159 163
0 4224 4417 2303
1072 6384 173 143
710 1966 326 326
4409 4474 250 152
6135 5904 604 623
1372 6358 73 71
6536 6074 263 453
2093 4381 1375 1091
280 5256 678 600
4454 4305 1328 1675
4551 875 2514 4159
5082 4420 801 1326
1859 1884 120 225
4924 5853 293 272
4979 3899 209 183
6439 6460 119 67
5645 5909 261 243
5033 5775 801 469
3308 854 3998 5673
4578 4750 78 98
2121 1133 2530 3511
2573 4707 135 102
342 2122 174 230
176 1877 671 884
4862 1449 2385 4519
3325 1404 1521 2939
4848 1430 2214 4126
3357 3239 158 139
847 4317 772 528
570 5557 731 511
1380 11 3819 4332
3634 4268 317 439
1018 3196 201 135
1590 6281 153 117
3602 3365 170 213
4979 4761 283 360
4347 3992 114 135
4831 3040 154 282
4579 3561 649 445
2582 446 247 256
0 5061 476 515
6271 4575 140 102
4015 4277 431 467
1627 4736 73 100
189 6231 109 120
2105 1881 466 811
2969 391 447 318
4040 70 231 434
1794 4136 100 83
3 1939 836 1150
3602 3294 269 284
579 5792 1269 735
5260 2229 250 440
2093 4394 1288 1078
2032 4647 1005 1046
5142 3854 97 82
1264 6154 71 79
4849 4843 178 293
3441 3986 71 136
554 4389 212 135
3677 4981 1177 1285
6346 3988 341 464
321 257 85 81
350 6126 493 401
5189 4083 996 1514
3452 1685 367 600
6611 4835 394 600
2828 792 196 119
5204 4341 623 963
2499 2459 284 406
5489 6060 635 467
3282 3 487 551
1535 129 1488 1271
4271 5216 599 1056
407 6081 768 446
621 5690 102 126
3312 3072 400 536
857 1973 198 366
4238 4305 1014 1931
6175 5993 383 534
2294 1071 332 421
3584 3885 262 322
992 116 97 138
587 6297 120 117
3182 3776 366 433
1633 3600 1119 1187
4029 42 846 1381
1719 6241 96 93
3944 4813 114 101
347 5928 514 599
2862 1470 403 212
827 3170 101 92
823 358 63 60
1839 2812 523 597
3882 0 1079 1719
1454 5853 617 540
76 0 1736 915
2218 6453 93 74
2712 4530 756 788
3029 299 863 614
2020 557 101 94
6128 6056 282 471
1454 5853 478 382
3276 3177 239 201
472 6283 182 153
4052 2864 526 992
4311 6028 511 319
4345 1888 427 276
1634 1692 113 212
3449 2346 1649 2124
2126 1466 316 356
1426 3475 473 275
6142 4626 1093 922
656 5583 239 287
4346 3981 179 260
5072 2130 2165 3730
2157 1524 285 289
1859 1884 69 109
6249 4777 893 807
3358 5263 837 747
811 2386 138 134
656 6164 446 363
0 1010 898 791
915 30 108 99
1218 3790 214 135
0 3235 84 141
5210 5927 624 317
1428 5853 646 540
5862 5871 201 206
4 5231 390 325
3994 2741 455 879
5880 5872 238 272
4443 3086 79 122
2863 5199 186 272
0 5457 1482 960
340 2079 238 298
1232 6153 77 102
1435 6373 173 108
4143 2954 436 631
4021 718 491 613
638 6042 223 160
3561 4214 183 276
2979 2970 635 1258
1001 181 88 73
424 6269 302 258
88 37 1689 881
4416 1044 258 269
1271 3834 185 164
2047 1810 649 913
7181 6194 306 333
6650 6352 127 175
4986 5774 664 513
4461 5073 222 239
6268 4659 976 839
848 3170 80 92
1470 4611 129 111
3524 3817 287 157
3978 4144 850 600
975 2713 101 92
1319 4140 567 623
11 1010 884 784
5303 5036 176 325
2688 1313 1729 2919
6249 4687 933 904
4426 5116 304 278
4260 2645 158 118
1592 984 154 166
3282 51 291 341
4979 3939 139 143
2722 1321 1609 2951
4544 949 1708 2941
1886 1054 1732 3190
4205 5662 121 133
4986 5774 814 521
4767 5607 307 517
5247 4481 508 823
4268 6029 653 366
2707 1475 1010 689
4409 4474 250 146
4906 5577 172 285
1324 4140 562 623
3032 82 202 106
3308 1112 3998 5415
1484 5929 318 469
4552 647 255 313
4986 5774 814 529
1289 6061 134 158
874 6383 166 144
0 3501 206 276
32 1467 362 538
0 5034 602 805
120 20 102 83
2390 1352 364 346
1013 6305 171 133
6369 4646 571 893
1437 5843 919 684
4736 3828 329 236
3596 3627 166 182
125 1721 90 108
6308 5915 428 612
1663 6190 204 199
32 1467 362 562
733 5562 482 409
437 5924 165 170
4853 1449 2394 4519
358 2424 437 452
4159 3358 90 126
3699 48 193 351
4035 4080 2159 2447
4952 5629 1174 767
2863 5199 201 272
5084 4420 482 620
2854 3143 403 565
270 171 118 119
3464 2436 1206 1892
0 0 7306 6527
1327 4138 233 386
4011 4528 380 242
543 2561 247 301
390 2249 256 364
3699 48 193 311
4475 6085 68 134
3482 3364 396 679
2330 4978 2408 1236
1146 5689 132 70
0 1877 1055 932
2241 5150 823 551
0 2134 176 285
1719 6241 109 93
3971 4178 104 88
309 2027 270 371
4203 2958 319 563
4859 1430 2203 3933
1679 3802 912 1119
1089 180 83 67
318 257 88 81
2703 5272 270 285
6609 4773 498 679
1911 1596 813 1368
0 5835 328 268
1380 107 1859 1293
2468 42 2449 4347
1219 2888 82 73
643 4368 650 415
5982 4009 352 474
3944 0 3356 6527
0 1333 397 566
561 5814 639 465
1018 3192 437 353
9 1511 354 487
0 5723 522 442
3274 3776 233 424
4552 647 268 328
2675 0 4562 5860
0 0 1777 1665
5508 4379 89 82
1892 1551 891 1480
1196 3806 260 192
0 6144 105 108
1358 294 1748 1103
1911 1592 813 1372
3371 5285 880 939
5725 5378 171 258
1435 6385 173 96
4120 2817 635 996
0 1467 394 574
795 3342 704 702
1323 6012 159 174
2585 362 290 564
3881 0 1220 1955
2443 4707 265 206
572 6198 271 329
254 2075 262 321
2958 4978 1780 1236
76 0 1574 846
663 5523 130 111
4014 974 401 466
4234 3287 85 83
3307 3775 142 205
0 5228 465 397
2367 963 103 110
5450 6060 674 467
9 1503 354 527
554 4382 227 149
5460 5671 109 86
5011 5523 134 176
1426 3467 473 283
1911 1592 859 1439
3906 4801 309 165
2183 213 90 111
5027 3755 228 181
3178 3101 981 1369
31 5404 571 425
88 37 1689 879
3051 2121 75 80
2873 1467 480 282
5363 5764 543 763
5363 5764 462 763
2891 2205 163 309
4808 4931 599 1055
655 5492 309 379
3720 3074 320 444
3873 626 846 1629
1508 6260 140 95
1859 1808 240 301
2056 4830 107 102
1621 6050 630 477
1717 6190 150 199
3869 974 1003 970
3882 699 610 664
5277 5304 106 105
5204 4341 760 963
